MEME version 4

ALPHABET= ACGT

strands: + -

Background letter frequencies (from uniform background):
A 0.25000 C 0.25000 G 0.25000 T 0.25000 

MOTIF TIR_Tet 

letter-probability matrix: alength= 4 w= 22 nsites= 46 E= 0
  0.021739	  0.000000	  0.000000	  0.978261	
  0.130435	  0.000000	  0.869565	  0.000000	
  0.021739	  0.891304	  0.000000	  0.086957	
  0.000000	  0.000000	  0.000000	  1.000000	
  0.021739	  0.608696	  0.195652	  0.173913	
  0.956522	  0.000000	  0.043478	  0.000000	
  0.000000	  0.000000	  0.000000	  1.000000	
  0.000000	  0.000000	  1.000000	  0.000000	
  0.000000	  0.000000	  0.000000	  1.000000	
  0.478261	  0.000000	  0.521739	  0.000000	
  0.086957	  0.630435	  0.000000	  0.282609	
  0.021739	  0.021739	  0.956522	  0.000000	
  0.500000	  0.000000	  0.500000	  0.000000	
  0.000000	  0.000000	  0.000000	  1.000000	
  1.000000	  0.000000	  0.000000	  0.000000	
  0.978261	  0.000000	  0.021739	  0.000000	
  0.652174	  0.000000	  0.347826	  0.000000	
  0.000000	  0.000000	  1.000000	  0.000000	
  0.956522	  0.000000	  0.000000	  0.043478	
  1.000000	  0.000000	  0.000000	  0.000000	
  0.043478	  0.000000	  0.934783	  0.021739	
  0.000000	  0.652174	  0.000000	  0.347826	

